INSERT INTO PERV2PUB VALUES
(20000017, 01, 48, 186.76896007, 0, 02, 01, 2, 18, 3, 3, 3, 1, 01, 10, 5, 01, -1, 33, 03, 02, 02, 02, 01, 01, 02, 02, 02, -1, 01, -1, 01, -1, -1, 03, -1, -1, -1, 03, -1, -1, -1, 01, -1, -1, -1, -1, 02, 'IN',18, 04, -1, -1, -1, 01, 02, -1, 03, 03, 0, 3, -1, -1, 02, 06, 01, 0, 0, 75, 02, 01, 02, -1, -1, -1, -1, -1, -1, -1, -1, -1, -1, -1, -1, -1, -1, 04, 04, 06, 02, 01, 02, 01, -1, -1, -1, -1, 02, -1, -1, 12500, 02, -1, -1, 200904, 01, 01, 'TC',300, 5, 300, 75, 300, 5, 300, 'XXXXX','XXXX'),
(20000017, 02, 48, 190.65615469, 0, 02, 01, 2, 18, 3, 3, 3, 1, 01, 10, 8, 01, -1, 33, 03, 02, -1, -1, -1, -1, -1, -1, -1, 1, 01, -1, 01, -1, -1, 03, -1, -1, -1, 03, -1, -1, -1, 01, -1, 0, -1, 02, 02, 'IN',18, 04, 02, -1, -1, 02, -1, -1, 03, 03, 0, 0, -1, -1, 01, 07, 01, 1, 1, 58, 01, 02, 02, -1, -1, -1, -1, -1, -1, -1, -1, -1, -1, 02, -1, -1, -1, 04, 04, 06, 02, 01, 02, 01, -1, 01, -1, 18, 01, -1, -1, 15000, 02, -1, -1, 200904, 01, 01, 'TC',300, 5, 300, 75, 300, 5, 300, 'XXXXX','XXXX'),
(20000017, 03, 48, 200.91409876, 0, 02, 01, 2, 18, 3, 3, 3, 1, 01, 10, 0, 01, -1, 33, 03, 02, 02, 01, 01, 01, 02, 02, 01, -1, 02, -1, 02, -1, -1, -1, -1, -1, -1, 03, 01, -1, -1, 02, -1, -1, -1, -1, 02, 'IN',18, -1, -1, 2, -1, 01, 03, -1, 03, 03, 0, 0, -1, 02, 02, 07, 02, 2, -1, 83, 04, 02, 02, 01, -1, -1, -1, -1, -1, -1, -1, -1, -1, -1, -1, -1, -1, 04, 04, 06, 02, -1, -1, 05, -1, -1, -1, -1, 02, -1, -1, -1, -1, -1, -1, 200904, 01, 01, 'TC',300, 5, 300, 75, 300, 5, 300, 'XXXXX','XXXX'),
(20000231, 01, 61, 1432.5629385, 0, 01, 01, 1, 08, 1, 1, 1, 1, 01, 01, 5, 02, 1, 73, 07, 03, -1, -1, -1, -1, -1, -1, -1, 2, 01, -1, 01, -1, -1, -1, -1, 03, -1, 03, -1, 02, -1, 01, -1, 3.8666750857, -1, 02, 01, 'TX',48, 02, 01, -1, -1, 02, -1, -1, 03, 03, 0, 3, -1, -1, -1, 01, 01, -9, 2, 26, 01, 02, 02, -1, -1, -1, -1, -1, -1, -1, -1, -1, -1, 02, -1, 12, -1, 04, 01, 03, 01, 02, 02, 01, -1, 01, 02, 48, 01, '10:00AM',01, 10000, 02, 1982, 5, 200812, 01, 02, 'S',1500, 30, 3000, 1500, 1500, 5, 3000, 'XXXXX','XXXX'),
(20000521, 01, 59, 322.51623593, 0, 01, 01, 2, 06, 2, 2, 2, 1, 01, 10, 4, 01, 1, 73, 07, 03, -1, -1, -1, -1, -1, -1, -1, 2, 01, -1, 01, -1, -1, 03, -1, -1, -1, 04, -1, 02, -1, 01, -1, 8.7037354861, -1, 02, 01, 'TX',48, 04, 04, -1, -1, 02, -1, -1, 03, 03, 0, 0, -1, -1, -1, 01, 01, 1, 5, 59, 01, 01, 02, -1, -1, -1, -1, -1, -1, -1, -1, -1, -1, 02, -1, 25, -1, 01, 01, 03, 01, 02, 02, 01, -1, 01, 02, 48, 01, '07:00AM',01, 7000, 02, -1, 12, 200902, 01, 01, 'U',1500, 30, 3000, 3000, 3000, 20, 7000, 'XXXXX','XXXX'),
(20000521, 02, 59, 363.18216991, 0, 01, 01, 2, 06, 2, 2, 2, 1, 01, 10, 2, 01, -1, 73, 07, 03, -1, -1, -1, -1, -1, -1, -1, -1, 01, -1, 01, -1, -1, -1, -1, -1, -1, 01, -1, -1, -1, 01, -1, -1, -1, -1, 01, 'TX',48, -1, -1, -1, -1, 02, -1, -1, 03, 03, 0, 0, -1, -1, 02, 06, 02, 0, -1, 80, 04, 01, 02, -1, -1, -1, -1, -1, -1, -1, -1, -1, -1, -1, -1, -1, -1, 01, 01, 03, 01, 02, 02, 05, -1, -1, -1, -1, 02, -1, -1, -8, -1, -1, -1, 200902, 01, 01, 'U',1500, 30, 3000, 3000, 3000, 20, 7000, 'XXXXX','XXXX');

INSERT INTO VEHV2PUB VALUES
(20000017, 264.19469357, 01, 2, 18, 3, 3, 3, 01, 33, 03, 02, 'IN',18, 02, 37, 441, 03, 03, 19245, 02, 04, 04, 06, 02, 02, 12, 2008, 02, 1, 200904, 1, 02, 02, 01, 01, 01, 10, 16000, 'TC',300, 5, 300, 75, 300, 5, 300, 01, 17588.656385, -1, -1, 4, 782, 2.94, 2300, 25.8, 01, 22.5, 02, 'XXXXX','XXXX'),
(20000017, 264.19469357, 02, 2, 18, 3, 3, 3, 01, 33, 03, 02, 'IN',18, 02, 18, 024, 03, 03, 15676, 02, 04, 04, 06, 02, 02, 12, 2008, 01, 1, 200904, 1, 01, 02, 01, 01, 01, 10, 15646, 'TC',300, 5, 300, 75, 300, 5, 300, 01, 4548.0711469, -1, -1, 4, 255, 2.94, 748, 24, 01, 17.9, 03, 'XXXXX','XXXX'),
(20000017, 264.19469357, 03, 2, 18, 3, 3, 3, 01, 33, 03, 02, 'IN',18, 02, 20, 002, 03, 03, 130613, 02, 04, 04, 06, 02, 02, 48, 2004, 01, 1, 200904, 5, 01, 02, 01, 01, 01, 10, 10000, 'TC',300, 5, 300, 75, 300, 5, 300, 01, 15992.486238, -1, -1, 4, 646, 2.94, 1898, 28.6, 01, 24.8, 01, 'XXXXX','XXXX'),
(20000231, 1278.1298855, 01, 1, 08, 1, 1, 1, 01, 73, 07, 03, 'TX',48, -1, 35, 043, 03, 03, 69536, 02, 04, 01, 03, 01, 02, 84, 2001, 01, 1, 200812, 8, 01, 01, 01, 01, 02, 01, 10000, 'S',1500, 30, 3000, 1500, 1500, 5, 3000, 01, 4383.906165, -1, -1, 4, 192, 2.92, 562, 30.9, 01, 22.8, 01, 'XXXXX','XXXX'),
(20000521, 383.45059859, 01, 2, 06, 2, 2, 2, 01, 73, 07, 03, 'TX',48, 02, 06, 052, 03, 03, 32514, 02, 01, 01, 03, 01, 02, 12, 2007, 01, 1, 200902, 2, 01, 01, 01, 01, 01, 10, 2000, 'U',1500, 30, 3000, 3000, 3000, 20, 7000, 01, 4515.5205883, -1, 01, 4, 194, 2.9, 562, 31.4064, 01, 23.3, 01, 'XXXXX','XXXX'),
(20000521, 383.45059859, 02, 2, 06, 2, 2, 2, 01, 73, 07, 03, 'TX',48, -1, 49, 040, 03, 03, 101431, 02, 01, 01, 03, 01, 02, 192, 1996, 02, 1, 200902, 13, 02, 01, 01, 01, 01, 10, 1000, 'U',1500, 30, 3000, 3000, 3000, 20, 7000, 01, 6394.8254608, -1, -1, 4, 299, 2.9, 866, 27.2, 01, 21.4, 01, 'XXXXX','XXXX');

INSERT INTO DAYV2PUB VALUES
(20000017, 01, 01, -1, 01, 01, 02, -1, -1, -1, -1, -1, -1, -1, -1, -1, -1, -1, -1, 200000170101, 02, 01, 01, 01, 02, 2, 18, 3, 3, 3, 01, 10, 'HBO',-1, 33, 03, 02, -1, 02, 03, 1020, 2, 01, 02, 'IN',18, 01, 03, 03, 0, 2, 02, 06, 01, 01, 75, 02, 0955, -1, -1, -1, -1, -1, -1, 04, -1, -1, -1, -1, -1, -1, 1, 1, 01, 03, 25, 25, -1, 04, 06, 02, 01, 02, 02, 02, 01, 30, 30, 1, 70, 06, 01, 02, 200904, 22, 68170.670425, -1, 02, 01, 01, 'TC',300, 5, 300, 75, 300, 5, 300, 200.8, 03, 'XXXXX','XXXX'),
(20000017, 01, 01, -1, 01, 01, 02, -1, -1, -1, -1, -1, -1, -1, -1, -1, -1, -1, -1, 200000170102, 02, 01, 01, 01, 02, 2, 18, 3, 3, 3, 01, 10, 'NHB',-1, 33, 03, 02, -1, 02, 03, 1132, 2, 01, 02, 'IN',18, 02, 03, 03, 0, 2, -1, 06, 01, 01, 75, 02, 1130, -1, -1, -1, -1, -1, -1, 04, -1, -1, -1, -1, -1, -1, 1, 1, 01, 03, 2, 2, -1, 04, 06, 02, 01, 02, 02, 02, 30, 53, 50, 1, 118, 08, 02, 02, 200904, 0.2222222222, 68170.670425, -1, 02, 01, 01, 'TC',300, 5, 300, 75, 300, 5, 300, 200.8, 03, 'XXXXX','XXXX'),
(20000017, 01, 01, -1, 01, 01, 02, -1, -1, -1, -1, -1, -1, -1, -1, -1, -1, -1, -1, 200000170103, 02, 01, 01, 01, 02, 2, 18, 3, 3, 3, 01, 10, 'HBSOCREC',-1, 33, 03, 02, -1, 02, 03, 1400, 2, 01, 02, 'IN',18, 01, 03, 03, 0, 2, 02, 06, 01, 01, 75, 02, 1330, -1, -1, -1, -1, -1, -1, 04, -1, -1, -1, -1, -1, -1, 1, 1, 01, 03, 30, 30, -1, 04, 06, 02, 01, 02, 02, 02, 53, 01, 01, 1, 230, 08, 03, 02, 200904, 22, 68170.670425, -1, 02, 01, 01, 'TC',300, 5, 300, 75, 300, 5, 300, 200.8, 03, 'XXXXX','XXXX'),
(20000017, 01, 01, -1, 01, 01, 02, -1, -1, -1, -1, -1, -1, -1, -1, -1, -1, -1, -1, 200000170104, 02, 01, 01, 01, 02, 2, 18, 3, 3, 3, 01, 10, 'HBO',-1, 33, 03, 02, -1, 02, 03, 1825, 2, 01, 02, 'IN',18, 02, 03, 03, 0, 2, -1, 06, 01, 01, 75, 02, 1750, -1, -1, -1, -1, -1, -1, 04, -1, -1, -1, -1, -1, -1, 1, 1, 01, 03, 35, 35, -1, 04, 06, 02, 01, 02, 02, 02, 01, 22, 20, 1, 95, 05, 04, 02, 200904, 20, 68170.670425, -1, 02, 01, 01, 'TC',300, 5, 300, 75, 300, 5, 300, 200.8, 03, 'XXXXX','XXXX'),
(20000017, 01, 01, -1, 01, 01, 02, -1, -1, -1, -1, -1, -1, -1, -1, -1, -1, -1, -1, 200000170105, 02, 01, 01, 01, 02, 2, 18, 3, 3, 3, 01, 10, 'HBO',-1, 33, 03, 02, -1, 02, 03, 2035, 2, 01, 02, 'IN',18, 02, 03, 03, 0, 2, -1, 06, 01, 01, 75, 02, 2000, -1, -1, -1, -1, -1, -1, 04, -1, -1, -1, -1, -1, -1, 1, 1, 01, 03, 35, 35, -1, 04, 06, 02, 01, 02, 02, 02, 22, 01, 01, 1, -9, 05, 05, 02, 200904, 20, 68170.670425, -1, 02, 01, 01, 'TC',300, 5, 300, 75, 300, 5, 300, 200.8, 03, 'XXXXX','XXXX'),
(20000017, 02, 01, -1, 01, 01, 02, -1, -1, -1, -1, -1, -1, -1, -1, -1, -1, -1, -1, 200000170201, 02, 01, 01, 02, 01, 2, 18, 3, 3, 3, 01, 10, 'HBSOCREC',-1, 33, 03, 02, -1, 01, 03, 1020, 2, 01, 02, 'IN',18, 01, 03, 03, 0, 2, 02, 07, 01, 02, 58, 02, 0955, -1, -1, -1, -1, -1, -1, 04, -1, -1, -1, -1, -1, -1, 1, 1, 01, 03, 25, 25, -1, 04, 06, 02, 01, 02, 02, 02, 01, 53, 50, 1, 2, 08, 01, 02, 200904, 22, 69589.496462, 22, 02, 01, 01, 'TC',300, 5, 300, 75, 300, 5, 300, 200.8, 03, 'XXXXX','XXXX');

INSERT INTO HHV2PUB VALUES
(20000017, 48, 264.19469357, 2, 33, 03, 02, 02, 01, 18, -1, 02, 3, 'IN',18, 3, 01, 01, 03, 03, 3, 02, 3, -1, 04, 04, 06, 02, 1, 200904, 01, 10, 13, 'TC',300, 5, 300, 75, 300, 5, 300, 'XXXXX','XXXX'),
(20000231, 61, 1278.1298855, 1, 73, 07, 03, 01, 01, 08, -1, 01, 1, 'TX',48, 1, 01, 02, 03, 03, 1, 02, 1, 01, 04, 01, 03, 01, 1, 200812, 01, 01, 5, 'S',1500, 30, 3000, 1500, 1500, 5, 3000, 'XXXXX','XXXX'),
(20000521, 59, 383.45059859, 2, 73, 07, 03, 01, 01, 06, -1, 01, 2, 'TX',48, 2, 01, 01, 03, 03, 2, 02, 2, -1, 01, 01, 03, 01, 1, 200902, 01, 10, 6, 'U',1500, 30, 3000, 3000, 3000, 20, 7000, 'XXXXX','XXXX'),
(20001283, 26, 2834.4889714, 1, 21, 02, 01, 02, 02, 03, -1, 01, 1, 'NY',36, 0, 02, 03, 01, 05, 1, 01, 1, 01, 06, 01, 05, 01, 0, 200806, 01, 09, 4, 'U',30000, 90, 30000, 5000, 30000, 90, 30000, 35620, '5602'),
(20001603, 37, 131.5991816, 2, 74, 07, 03, 02, 01, 16, -1, 01, 2, 'TX',48, 3, 01, 01, 04, 06, 2, 02, 2, -1, 03, 04, 06, 02, 1, 200808, 01, 10, 16, 'TC',50, 20, 50, 25, 50, 20, 50, 19100, '-1'),
(20001649, 27, 704.59468988, 2, 33, 03, 02, 02, 01, 17, -1, 01, 2, 'WI',55, 3, 01, 01, 03, 02, 2, 02, 2, -1, 05, 01, 02, 01, 0, 200806, 01, 10, 14, 'TC',300, 20, 300, 750, 300, 30, 750, 'XXXXX','XXXX');

